93621512432
37316776488
84237101313
93211382728
69102469119
70715371785
83615871375
61092433605
51928207238
27201116800
70476268981
86541674552
63241061089
62743440049
30821783717
27003859255
86438037476
26765149340
99297229144
50931427348
67032342627
97298354024
54118992874
17086543833
55718272509
83207447333
91840302136
69458554122
12017064856
84705076959
30697775459
15552516205
85994259840
92652992576
66410131777
95005953213
32695704710
26241187540
89337403771
33935742101
18238604779
16228201165
30482740490
22899530074
67133809177
80107165198
32781269487
49292518553
48083527409
63162053080
63909497272
56302343813
22096108455
44258108922
22565640713
70030542906
84093746274
48962177699
88438442860
64849486674
49165878072
19115776619
81557242410
73315126423
55419394788
17709964614
44298341068
88396154050
99172246324
11157467740
21518329599
42534061911
14298787449
33925811992
36287722876
85754058660
63866250062
48091091624
65876463712
17578577341
95496022166
91945294330
56060340680
14760316155
68275125193
72517948261
26546757992
30032994982
65977226110
48295847575
42620903498
78592697580
49928271170
57454249045
23455970144
50205320225
92204020769
53299181209
99272617587
82968606635
84393721768
92684755901
39731797253
71642308101
67307054302
35157214031
17736080269
99835774871
77825366013
73162437472
39382255607
91944653731
74768536897
30825823831
10635703302
30415006389
57932524801
39843441132
25384002008
90707505578
80038979665
79653914507
88861434962
30493984346
48416152156
83708787479
51221468728
78915516850
76137600597
32592847142
42188962340
26151561223
18835227995
39988506430
77915934601
73994142934
87240152101
38055873338
65827195488
35776358215
57645312947
54575819014
64361408074
98257953588
20140924779
35034965556
46734513220
37664725676
99117295190
38173556042
14778056112
55020829850
52528622684
50407421485
27909448972
46440766729
71342980403
90896250883
88100756736
75291525914
30495153359
34743820447
19234969465
88221195716
83290758119
20931817740
62270636345
89114554866
75613168939
66296181050
38813158241
33141995122
67951088522
37100513160
65339579066
82133872982
65318552564
76850163224
24185453421
85398131981
86312956381
70120203125
34489238162
44522392321
58895185476
77385592758
89662743892
72308202812
82544115159
99901387330
97232437637
77149070966
32976730246
29661348856
82595378693
24899132506
14383358948
31391891300
36294990699
87290648297
