40411255499
22947851135
93917068653
85553875752
33512191619
91879523931
76751556300
97876675627
79653914507
79949865891
86663906535
43585913538
83249957060
36274024016
94022925989
57993012723
81779383853
37128111043
22871465589
96379580895
40242083102
77152394844
50053567852
71714757224
82283576685
21496807857
30584272707
44808990893
77962650514
87952215986
65659906497
52928949234
49225437035
81165038849
97062353989
51830088903
71755116358
62591855135
77147913335
17602842648
10381424178
70832199909
82137614216
90632878687
78597001281
41073820397
94975283211
63377147380
42028530303
77539784355
16184577247
41720705709
82426348081
16450623079
11015320945
13148728292
43453771587
81417261972
90896250883
77541779330
29800413580
80040070712
73570465092
63223838562
27827921647
65901364003
59256030490
34104204672
35589327919
92637576458
36369494095
20262802140
40779105320
86079801334
37100513160
27281424209
35474716651
31529518444
98683547997
88801420459
92751122070
76320960217
23457642704
51596261250
56772545945
60924658566
82595378693
67358737896
71165656710
69512835114
59988046431
88969103901
43616724541
83289679213
41888411632
79440197561
50662477906
60176121351
54804018656
29135654646
